team,year,month,pov,obp,slg,ba,era,whip
1,2015,3,0,0.403,0.412,0.284,8.28,1.92
1,2015,4,0.136,0.29,0.295,0.208,5.52,1.79
1,2015,5,0.259,0.342,0.356,0.263,5.72,1.58
1,2015,6,0.478,0.353,0.456,0.29,5.93,1.68
1,2015,7,0.444,0.339,0.431,0.274,5.73,1.6
1,2015,8,0.56,0.378,0.499,0.311,5.41,1.61
1,2015,9,0.364,0.339,0.362,0.266,5.23,1.74
1,2015,10,0.333,0.313,0.369,0.255,2.79,1.19
1,2016,4,0.48,0.341,0.393,0.264,4.53,1.48
1,2016,5,0.318,0.37,0.424,0.296,5.9,1.62
1,2016,6,0.458,0.329,0.372,0.258,6.03,1.73
1,2016,7,0.4,0.339,0.37,0.268,7.14,1.87
1,2016,8,0.261,0.335,0.371,0.275,6.45,1.7
1,2016,9,0.304,0.358,0.436,0.293,6.22,1.79
1,2016,10,0.4,0.328,0.349,0.272,4.4,1.74
1,2017,3,1,0.297,0.4,0.257,2,0.89
1,2017,4,0.44,0.285,0.321,0.229,4.32,1.35
1,2017,5,0.385,0.346,0.429,0.287,5.75,1.55
1,2017,6,0.2,0.333,0.405,0.28,6.79,1.64
1,2017,7,0.158,0.329,0.365,0.253,6.28,1.67
1,2017,8,0.333,0.356,0.463,0.292,6.24,1.64
1,2017,9,0.524,0.33,0.451,0.292,5.68,1.59
1,2017,10,0.333,0.402,0.524,0.371,5,1.44
1,2018,3,0.571,0.355,0.546,0.313,6.49,1.62
1,2018,4,0.458,0.351,0.472,0.283,5.17,1.45
1,2018,5,0.417,0.339,0.431,0.274,4.8,1.51
1,2018,6,0.261,0.315,0.409,0.252,5.59,1.59
1,2018,7,0.6,0.351,0.503,0.288,5.45,1.59
1,2018,8,0.308,0.319,0.435,0.25,5.84,1.61
1,2018,9,0.318,0.352,0.447,0.279,5.61,1.71
1,2018,10,0.625,0.341,0.458,0.278,4.38,1.33
1,2019,3,0.25,0.353,0.381,0.282,4.65,1.32
1,2019,4,0.333,0.309,0.343,0.246,4.82,1.54
1,2019,5,0.538,0.355,0.391,0.283,5.12,1.53
1,2019,6,0.542,0.355,0.397,0.29,4.33,1.37
1,2019,7,0.611,0.361,0.406,0.299,4.46,1.38
1,2019,8,0.583,0.342,0.384,0.274,3.35,1.28
1,2019,9,0.5,0.334,0.396,0.272,3.4,1.28
1,2020,5,0.435,0.361,0.471,0.306,5.58,1.56
1,2020,6,0.44,0.347,0.425,0.272,5.53,1.49
1,2020,7,0.714,0.365,0.468,0.299,4.39,1.36
1,2020,8,0.565,0.343,0.389,0.248,3.43,1.44
1,2020,9,0.731,0.365,0.419,0.287,3.94,1.37
1,2020,10,0.52,0.364,0.445,0.288,4.53,1.51
1,2021,4,0.565,0.394,0.403,0.295,4.07,1.37
1,2021,5,0.545,0.356,0.382,0.256,4.4,1.56
1,2021,6,0.696,0.35,0.403,0.262,3.97,1.29
1,2021,7,0.571,0.318,0.361,0.242,4.57,1.31
1,2021,8,0.588,0.358,0.384,0.268,3.54,1.25
1,2021,9,0.591,0.34,0.362,0.256,2.82,1.15
1,2021,10,0.381,0.35,0.364,0.262,3.18,1.29
1,2022,4,0.458,0.318,0.339,0.244,3.51,1.22
1,2022,5,0.423,0.332,0.346,0.248,3.93,1.25
2,2015,3,1,0.347,0.516,0.297,2.5,1.33
2,2015,4,0.636,0.361,0.445,0.281,4.84,1.5
2,2015,5,0.522,0.368,0.409,0.277,5.75,1.58
2,2015,6,0.522,0.367,0.425,0.301,4.46,1.4
2,2015,7,0.524,0.347,0.457,0.294,5.39,1.58
2,2015,8,0.583,0.369,0.418,0.29,3.96,1.42
2,2015,9,0.44,0.377,0.451,0.297,6.52,1.77
2,2015,10,0.75,0.398,0.422,0.266,2,1.19
2,2016,4,0.739,0.379,0.426,0.285,3.21,1.32
2,2016,5,0.72,0.401,0.538,0.33,5.28,1.64
2,2016,6,0.64,0.361,0.426,0.285,3.74,1.34
2,2016,7,0.429,0.355,0.446,0.286,5.78,1.51
2,2016,8,0.667,0.384,0.506,0.302,4.4,1.48
2,2016,9,0.682,0.381,0.488,0.296,4.34,1.44
2,2016,10,0.667,0.388,0.491,0.307,5.79,1.79
2,2017,3,1,0.242,0.185,0.148,0,0.78
2,2017,4,0.458,0.354,0.386,0.272,4.62,1.54
2,2017,5,0.609,0.383,0.458,0.299,3.53,1.32
2,2017,6,0.44,0.375,0.499,0.304,6.35,1.73
2,2017,7,0.737,0.367,0.512,0.311,4.2,1.31
2,2017,8,0.731,0.368,0.46,0.297,3.63,1.37
2,2017,9,0.619,0.376,0.466,0.292,4.16,1.46
2,2017,10,0.5,0.351,0.379,0.242,3,1.28
2,2018,3,0.714,0.34,0.412,0.261,4.94,1.42
2,2018,4,0.696,0.364,0.467,0.293,4.81,1.5
2,2018,5,0.609,0.347,0.457,0.294,4.55,1.35
2,2018,6,0.692,0.396,0.547,0.332,4.64,1.41
2,2018,7,0.619,0.383,0.509,0.326,5.87,1.59
2,2018,8,0.538,0.374,0.451,0.301,6.16,1.62
2,2018,9,0.667,0.393,0.505,0.314,4.99,1.44
2,2018,10,0.571,0.384,0.423,0.316,3.88,1.29
2,2019,3,0.75,0.349,0.357,0.246,3.21,1.32
2,2019,4,0.625,0.372,0.438,0.284,3.24,1.27
2,2019,5,0.615,0.355,0.383,0.272,2.65,1.24
2,2019,6,0.52,0.354,0.354,0.271,4.67,1.5
2,2019,7,0.529,0.328,0.375,0.261,3.65,1.28
2,2019,8,0.708,0.37,0.442,0.302,3.65,1.2
2,2019,9,0.611,0.34,0.337,0.276,3.32,1.1
2,2019,10,1,0.39,0.45,0.375,5,2.11
2,2020,5,0.609,0.361,0.444,0.299,5.67,1.64
2,2020,6,0.56,0.367,0.447,0.29,4.82,1.47
2,2020,7,0.522,0.375,0.444,0.313,4.66,1.46
2,2020,8,0.524,0.369,0.422,0.298,4.03,1.53
2,2020,9,0.458,0.333,0.354,0.248,4.01,1.38
2,2020,10,0.696,0.389,0.453,0.31,3.22,1.25
2,2021,4,0.522,0.371,0.403,0.289,4,1.53
2,2021,5,0.545,0.365,0.396,0.274,4.07,1.6
2,2021,6,0.4,0.34,0.396,0.263,4.87,1.51
2,2021,7,0.4,0.374,0.431,0.282,5.44,1.44
2,2021,8,0.429,0.321,0.396,0.254,5.35,1.51
2,2021,9,0.667,0.349,0.407,0.272,3.29,1.35
2,2021,10,0.565,0.341,0.339,0.251,4.21,1.45
2,2022,4,0.542,0.315,0.317,0.243,3.46,1.32
2,2022,5,0.458,0.339,0.359,0.259,4.12,1.43
3,2015,3,0.667,0.379,0.469,0.319,4.67,1.3
3,2015,4,0.652,0.353,0.468,0.271,3.61,1.22
3,2015,5,0.56,0.375,0.437,0.287,4.01,1.27
3,2015,6,0.524,0.367,0.489,0.312,5.06,1.36
3,2015,7,0.667,0.36,0.457,0.303,5.31,1.51
3,2015,8,0.625,0.393,0.457,0.304,5.48,1.57
3,2015,9,0.583,0.386,0.49,0.311,5.16,1.39
3,2015,10,1,0.416,0.363,0.294,2.25,0.79
3,2016,4,0.478,0.354,0.393,0.273,5.33,1.53
3,2016,5,0.5,0.387,0.454,0.304,5.66,1.59
3,2016,6,0.269,0.349,0.424,0.277,6.18,1.67
3,2016,7,0.471,0.37,0.44,0.288,4.9,1.46
3,2016,8,0.522,0.379,0.478,0.321,5.82,1.59
3,2016,9,0.522,0.369,0.453,0.3,5.99,1.62
3,2016,10,0.4,0.34,0.383,0.263,4.5,1.5
3,2017,3,0,0.25,0.452,0.226,6,1.67
3,2017,4,0.174,0.321,0.377,0.26,5.87,1.54
3,2017,5,0.44,0.319,0.412,0.25,6.24,1.73
3,2017,6,0.52,0.343,0.446,0.286,5.84,1.61
3,2017,7,0.524,0.344,0.421,0.279,4.85,1.48
3,2017,8,0.292,0.367,0.444,0.306,6.26,1.69
3,2017,9,0.389,0.343,0.468,0.291,6.36,1.75
3,2017,10,1,0.386,0.514,0.306,5.5,1.61
3,2018,3,0.286,0.314,0.344,0.252,6.57,1.62
3,2018,4,0.375,0.351,0.407,0.277,4.96,1.47
3,2018,5,0.56,0.36,0.457,0.303,4.75,1.52
3,2018,6,0.417,0.354,0.424,0.283,6.76,1.61
3,2018,7,0.65,0.361,0.434,0.302,3.4,1.36
3,2018,8,0.462,0.358,0.437,0.285,6.16,1.59
3,2018,9,0.478,0.345,0.427,0.275,5.28,1.42
3,2018,10,0.75,0.427,0.625,0.362,4.89,1.4
3,2019,3,0.375,0.366,0.468,0.268,5.27,1.4
3,2019,4,0.318,0.332,0.384,0.262,4.15,1.36
3,2019,5,0.538,0.34,0.393,0.27,4.29,1.41
3,2019,6,0.458,0.341,0.437,0.276,4.8,1.5
3,2019,7,0.444,0.332,0.406,0.257,4.2,1.49
3,2019,8,0.318,0.305,0.311,0.225,5.9,1.61
3,2019,9,0.435,0.306,0.368,0.235,4.3,1.39
3,2020,5,0.417,0.328,0.393,0.251,4.69,1.48
3,2020,6,0.6,0.331,0.399,0.267,3.95,1.38
3,2020,7,0.455,0.375,0.433,0.298,5.04,1.47
3,2020,8,0.348,0.322,0.367,0.26,5.26,1.54
3,2020,9,0.375,0.339,0.393,0.275,5.97,1.6
3,2020,10,0.571,0.332,0.379,0.256,3.82,1.37
3,2021,4,0.583,0.358,0.408,0.273,3.64,1.36
3,2021,5,0.522,0.347,0.425,0.279,5.13,1.6
3,2021,6,0.56,0.342,0.404,0.272,4.24,1.54
3,2021,7,0.714,0.357,0.455,0.289,3.19,1.29
3,2021,8,0.467,0.338,0.335,0.246,4.5,1.34
3,2021,9,0.619,0.347,0.433,0.27,4.38,1.46
3,2021,10,0.55,0.322,0.343,0.246,4.3,1.42
3,2022,4,0.4,0.306,0.331,0.239,3.84,1.37
3,2022,5,0.56,0.335,0.398,0.276,3.7,1.37
4,2015,3,0,0.362,0.404,0.298,6.46,1.73
4,2015,4,0.565,0.356,0.384,0.259,4.24,1.38
4,2015,5,0.32,0.324,0.389,0.252,5.61,1.56
4,2015,6,0.565,0.35,0.428,0.277,3.81,1.34
4,2015,7,0.368,0.354,0.439,0.306,5.1,1.43
4,2015,8,0.44,0.322,0.386,0.266,4.52,1.4
4,2015,9,0.5,0.37,0.445,0.307,4.52,1.48
4,2015,10,0.5,0.345,0.394,0.314,3.5,1.42
4,2016,4,0.5,0.341,0.395,0.258,5.03,1.53
4,2016,5,0.5,0.354,0.406,0.281,5.4,1.62
4,2016,6,0.4,0.373,0.416,0.308,5.16,1.49
4,2016,7,0.364,0.373,0.429,0.291,6.26,1.62
4,2016,8,0.615,0.355,0.432,0.3,5.14,1.54
4,2016,9,0.65,0.377,0.438,0.307,3.55,1.33
4,2016,10,0.4,0.332,0.348,0.241,4.91,1.64
4,2017,3,1,0.206,0.226,0.129,1,1
4,2017,4,0.56,0.347,0.386,0.286,3.04,1.19
4,2017,5,0.458,0.345,0.374,0.278,3.78,1.26
4,2017,6,0.478,0.376,0.445,0.303,4.89,1.38
4,2017,7,0.632,0.358,0.462,0.295,4.81,1.31
4,2017,8,0.391,0.342,0.38,0.27,5.08,1.43
4,2017,9,0.458,0.335,0.374,0.267,4.43,1.34
4,2017,10,0,0.27,0.362,0.232,6.35,1.41
4,2018,3,0.286,0.325,0.394,0.261,4.45,1.53
4,2018,4,0.667,0.374,0.471,0.308,3.65,1.37
4,2018,5,0.462,0.354,0.439,0.306,5.46,1.41
4,2018,6,0.609,0.353,0.446,0.289,4.63,1.36
4,2018,7,0.409,0.356,0.463,0.299,6.35,1.58
4,2018,8,0.231,0.365,0.499,0.308,8.51,2.04
4,2018,9,0.375,0.329,0.395,0.269,5.56,1.5
4,2018,10,0.75,0.342,0.406,0.268,3,1.11
4,2019,3,0.625,0.299,0.314,0.21,2.43,1
4,2019,4,0.636,0.35,0.391,0.277,2.81,1.19
4,2019,5,0.462,0.318,0.338,0.256,4.08,1.42
4,2019,6,0.583,0.332,0.386,0.27,3.96,1.49
4,2019,7,0.5,0.327,0.383,0.261,4.78,1.38
4,2019,8,0.542,0.36,0.403,0.297,5.04,1.54
4,2019,9,0.571,0.319,0.391,0.258,3.16,1.3
4,2020,5,0.696,0.366,0.468,0.294,4.24,1.32
4,2020,6,0.48,0.336,0.385,0.284,4.69,1.46
4,2020,7,0.478,0.357,0.454,0.278,5.03,1.55
4,2020,8,0.667,0.356,0.462,0.282,3.96,1.24
4,2020,9,0.478,0.341,0.433,0.272,4.83,1.54
4,2020,10,0.591,0.342,0.366,0.251,3.6,1.42
4,2021,4,0.565,0.328,0.36,0.228,3.57,1.39
4,2021,5,0.542,0.364,0.41,0.267,4.06,1.36
4,2021,6,0.625,0.362,0.423,0.264,3.55,1.35
4,2021,7,0.5,0.342,0.295,0.24,3.5,1.14
4,2021,8,0.643,0.345,0.372,0.261,2.94,1.12
4,2021,9,0.476,0.328,0.36,0.253,4.37,1.42
4,2021,10,0.5,0.327,0.309,0.233,3,1.23
4,2022,4,0.56,0.316,0.358,0.249,3.28,1.28
4,2022,5,0.538,0.354,0.415,0.279,4.25,1.45
5,2015,3,0.5,0.318,0.342,0.205,3.86,1.45
5,2015,4,0.522,0.371,0.496,0.299,4.79,1.52
5,2015,5,0.577,0.372,0.494,0.294,5.06,1.41
5,2015,6,0.571,0.374,0.465,0.289,4.33,1.49
5,2015,7,0.6,0.365,0.491,0.305,5.06,1.42
5,2015,8,0.44,0.365,0.517,0.311,5.65,1.43
5,2015,9,0.565,0.372,0.428,0.288,5.14,1.64
5,2015,10,0.667,0.273,0.391,0.217,2.33,1.56
5,2016,4,0.478,0.356,0.399,0.274,4.02,1.48
5,2016,5,0.56,0.346,0.427,0.28,4.58,1.42
5,2016,6,0.56,0.374,0.455,0.302,5.77,1.48
5,2016,7,0.667,0.401,0.487,0.315,5.08,1.53
5,2016,8,0.565,0.372,0.442,0.294,4.53,1.63
5,2016,9,0.429,0.372,0.462,0.306,6.09,1.41
5,2016,10,0.4,0.307,0.335,0.253,3.98,1.6
5,2017,3,0,0.265,0.3,0.167,1,1.37
5,2017,4,0.52,0.361,0.429,0.3,4.93,0.78
5,2017,5,0.5,0.359,0.41,0.291,5.02,1.34
5,2017,6,0.52,0.363,0.442,0.301,5.79,1.42
5,2017,7,0.591,0.376,0.48,0.296,4.31,1.66
5,2017,8,0.538,0.353,0.444,0.286,4.31,1.47
5,2017,9,0.222,0.323,0.413,0.262,6.32,1.43
5,2017,10,0,0.422,0.659,0.366,6.75,1.57
5,2018,3,0.714,0.382,0.467,0.294,4.43,2
5,2018,4,0.36,0.32,0.371,0.249,4.97,1.49
5,2018,5,0.56,0.365,0.491,0.305,4.48,1.41
5,2018,6,0.48,0.357,0.424,0.292,5.51,1.42
5,2018,7,0.435,0.337,0.429,0.262,5.13,1.41
5,2018,8,0.846,0.443,0.577,0.388,4.5,1.46
5,2018,9,0.565,0.327,0.418,0.261,5.55,1.47
5,2018,10,0.333,0.369,0.586,0.324,7.46,1.48
5,2019,3,0.375,0.321,0.331,0.237,4.73,1.82
5,2019,4,0.667,0.383,0.446,0.309,4.14,1.41
5,2019,5,0.444,0.344,0.415,0.276,4.37,1.34
5,2019,6,0.72,0.346,0.409,0.273,3.42,1.3
5,2019,7,0.737,0.339,0.417,0.28,2.4,1.17
5,2019,8,0.542,0.381,0.469,0.303,4.11,1.35
5,2019,9,0.6,0.323,0.323,0.25,1.99,1.13
5,2019,10,1,0.29,0.314,0.229,1,1.11
5,2020,5,0.5,0.351,0.419,0.268,4.82,1.39
5,2020,6,0.76,0.358,0.446,0.267,3.25,1.17
5,2020,7,0.458,0.359,0.427,0.277,6.01,1.65
5,2020,8,0.654,0.365,0.413,0.285,3.56,1.26
5,2020,9,0.462,0.35,0.375,0.267,4.7,1.5
5,2020,10,0.5,0.341,0.357,0.244,4.04,1.4
5,2021,4,0.417,0.331,0.348,0.243,5.32,1.65
5,2021,5,0.609,0.379,0.43,0.285,3.53,1.4
5,2021,6,0.5,0.358,0.378,0.254,3.63,1.37
5,2021,7,0.571,0.371,0.376,0.264,4.28,1.21
5,2021,8,0.5,0.317,0.333,0.234,3.73,1.37
5,2021,9,0.524,0.344,0.382,0.265,4.92,1.59
5,2021,10,0.5,0.334,0.375,0.265,4.6,1.44
5,2022,4,0.56,0.305,0.351,0.231,3.09,1.18
5,2022,5,0.654,0.332,0.385,0.257,3.18,1.25
6,2015,3,0.5,0.311,0.344,0.219,4.76,1.77
6,2015,4,0.545,0.374,0.407,0.278,4.06,1.28
6,2015,5,0.5,0.337,0.371,0.252,4.28,1.36
6,2015,6,0.455,0.335,0.381,0.274,4.81,1.5
6,2015,7,0.5,0.339,0.439,0.276,4.61,1.47
6,2015,8,0.36,0.378,0.499,0.311,5.74,1.66
6,2015,9,0.577,0.359,0.484,0.295,4.82,1.49
6,2015,10,0.333,0.339,0.347,0.245,4.33,1.41
6,2016,4,0.64,0.338,0.397,0.267,3.49,1.24
6,2016,5,0.375,0.348,0.438,0.278,5.48,1.64
6,2016,6,0.5,0.372,0.515,0.311,4.26,1.45
6,2016,7,0.409,0.359,0.481,0.296,5.86,1.71
6,2016,8,0.48,0.354,0.432,0.291,5.52,1.56
6,2016,9,0.421,0.375,0.465,0.313,5.5,1.5
6,2016,10,0.667,0.31,0.404,0.25,3.46,1.12
6,2017,3,0,0.265,0.273,0.242,2,1.22
6,2017,4,0.56,0.336,0.482,0.267,4.6,1.49
6,2017,5,0.5,0.348,0.444,0.266,4.31,1.41
6,2017,6,0.654,0.335,0.479,0.256,4.23,1.42
6,2017,7,0.348,0.349,0.455,0.265,7.63,1.78
6,2017,8,0.48,0.339,0.449,0.286,4.92,1.57
6,2017,9,0.611,0.345,0.509,0.299,5.04,1.47
6,2017,10,1,0.29,0.257,0.229,2,1
6,2018,3,0.714,0.355,0.485,0.274,4,1.33
6,2018,4,0.652,0.373,0.518,0.292,4.15,1.34
6,2018,5,0.435,0.339,0.439,0.276,5.08,1.36
6,2018,6,0.565,0.342,0.485,0.267,4.62,1.32
6,2018,7,0.591,0.363,0.478,0.289,3.22,1.23
6,2018,8,0.462,0.391,0.495,0.302,6.89,1.79
6,2018,9,0.583,0.344,0.446,0.276,4.75,1.43
6,2018,10,0.25,0.355,0.426,0.268,6.25,1.63
6,2019,3,0.75,0.293,0.368,0.217,3.21,1.23
6,2019,4,0.636,0.327,0.372,0.245,3.93,1.43
6,2019,5,0.654,0.341,0.387,0.269,3.54,1.3
6,2019,6,0.68,0.369,0.424,0.299,3.32,1.22
6,2019,7,0.684,0.341,0.399,0.275,3.09,1.28
6,2019,8,0.52,0.316,0.347,0.255,3.32,1.27
6,2019,9,0.444,0.315,0.373,0.236,3.95,1.31
6,2020,5,0.304,0.319,0.366,0.243,4.84,1.47
6,2020,6,0.28,0.306,0.343,0.235,4.53,1.51
6,2020,7,0.417,0.335,0.401,0.257,6.7,1.72
6,2020,8,0.348,0.368,0.433,0.278,6.36,1.73
6,2020,9,0.308,0.306,0.356,0.233,6.22,1.68
6,2020,10,0.5,0.339,0.401,0.26,4.89,1.47
6,2021,4,0.522,0.325,0.363,0.236,5.47,1.62
6,2021,5,0.682,0.382,0.462,0.282,4.29,1.51
6,2021,6,0.522,0.36,0.451,0.257,4.62,1.47
6,2021,7,0.3,0.35,0.373,0.245,5,1.57
6,2021,8,0.308,0.326,0.451,0.265,5.67,1.52
6,2021,9,0.455,0.361,0.415,0.28,5.62,1.49
6,2021,10,0.588,0.354,0.413,0.248,3.47,1.43
6,2022,4,0.792,0.324,0.356,0.242,2.61,1.09
6,2022,5,0.6,0.345,0.404,0.265,4.16,1.28
7,2015,3,0,0.329,0.313,0.269,5.63,1.56
7,2015,4,0.455,0.347,0.439,0.276,5.41,1.38
7,2015,5,0.8,0.376,0.482,0.3,3.41,1.28
7,2015,6,0.5,0.349,0.42,0.271,4.63,1.46
7,2015,7,0.421,0.318,0.401,0.253,4.84,1.41
7,2015,8,0.792,0.379,0.44,0.29,3.33,1.13
7,2015,9,0.583,0.398,0.496,0.305,4.62,1.43
7,2015,10,0.667,0.329,0.424,0.285,1.89,1.29
7,2016,4,0.522,0.347,0.402,0.268,3.83,1.23
7,2016,5,0.636,0.409,0.496,0.318,4.59,1.44
7,2016,6,0.727,0.373,0.459,0.288,4.72,1.55
7,2016,7,0.6,0.367,0.473,0.277,5.32,1.49
7,2016,8,0.522,0.382,0.479,0.304,4.69,1.49
7,2016,9,0.542,0.364,0.389,0.277,4.2,1.45
7,2016,10,0.571,0.386,0.457,0.32,3.66,1.08
7,2017,3,1,0.447,0.594,0.344,3,0.78
7,2017,4,0.667,0.337,0.423,0.271,4.04,1.31
7,2017,5,0.48,0.337,0.384,0.275,4.42,1.51
7,2017,6,0.72,0.398,0.454,0.313,4.66,1.34
7,2017,7,0.5,0.388,0.461,0.305,4.71,1.45
7,2017,8,0.444,0.342,0.432,0.275,4.54,1.44
7,2017,9,0.526,0.388,0.516,0.324,6.27,1.45
7,2017,10,0,0.407,0.417,0.333,5.25,1.5
7,2018,3,0.857,0.368,0.413,0.283,3.71,1.18
7,2018,4,0.292,0.281,0.337,0.229,4.68,1.55
7,2018,5,0.28,0.318,0.401,0.253,6.91,1.77
7,2018,6,0.32,0.335,0.373,0.254,5.44,1.43
7,2018,7,0.571,0.329,0.38,0.259,4.88,1.57
7,2018,8,0.538,0.364,0.551,0.307,6.09,1.54
7,2018,9,0.391,0.351,0.441,0.282,5.32,1.57
7,2018,10,0.4,0.321,0.393,0.258,7.4,1.91
7,2019,3,0.625,0.334,0.454,0.258,4.13,1.56
7,2019,4,0.591,0.358,0.462,0.298,3.68,1.34
7,2019,5,0.5,0.358,0.428,0.296,4.54,1.35
7,2019,6,0.333,0.321,0.36,0.253,5.22,1.56
7,2019,7,0.556,0.359,0.416,0.287,3.65,1.32
7,2019,8,0.5,0.342,0.404,0.265,3.81,1.31
7,2019,9,0.632,0.332,0.411,0.269,2.77,1.27
7,2019,10,0,0.422,0.442,0.395,5.4,1.92
7,2020,5,0.783,0.37,0.48,0.296,3.73,1.3
7,2020,6,0.583,0.361,0.486,0.29,5.61,1.47
7,2020,7,0.65,0.346,0.453,0.287,4.24,1.31
7,2020,8,0.478,0.376,0.46,0.292,5.42,1.56
7,2020,9,0.68,0.38,0.449,0.299,3.63,1.32
7,2020,10,0.435,0.359,0.446,0.281,4.94,1.55
7,2021,4,0.478,0.358,0.439,0.262,4.5,1.51
7,2021,5,0.591,0.371,0.465,0.285,4.57,1.61
7,2021,6,0.545,0.366,0.454,0.279,5.14,1.5
7,2021,7,0.2,0.32,0.356,0.235,5.08,2
7,2021,8,0.462,0.347,0.396,0.265,4.33,1.31
7,2021,9,0.464,0.312,0.392,0.243,4.35,1.38
7,2021,10,0.5,0.315,0.366,0.243,4.26,1.44
7,2022,4,0.32,0.304,0.314,0.23,4.22,1.39
7,2022,5,0.346,0.343,0.407,0.271,4.25,1.47
8,2015,3,1,0.415,0.525,0.303,5.04,1.8
8,2015,4,0.5,0.36,0.452,0.264,4.55,1.39
8,2015,5,0.519,0.378,0.503,0.303,5.29,1.58
8,2015,6,0.286,0.31,0.383,0.242,5.98,1.65
8,2015,7,0.5,0.341,0.438,0.282,3.95,1.4
8,2015,8,0.391,0.371,0.45,0.298,6.14,1.63
8,2015,9,0.5,0.352,0.448,0.288,4.63,1.45
8,2015,10,0.333,0.296,0.41,0.24,6.48,1.56
8,2016,4,0.48,0.363,0.436,0.293,4.54,1.62
8,2016,5,0.458,0.38,0.439,0.292,6.52,1.67
8,2016,6,0.48,0.362,0.413,0.293,5.64,1.51
8,2016,7,0.45,0.365,0.426,0.283,6.08,1.72
8,2016,8,0.391,0.369,0.38,0.262,5.57,1.64
8,2016,9,0.524,0.396,0.447,0.311,5.48,1.67
8,2016,10,0.333,0.326,0.394,0.26,5.8,1.71
8,2017,3,0,0.235,0.364,0.212,5.63,1.88
8,2017,4,0.52,0.364,0.409,0.277,3.97,1.3
8,2017,5,0.5,0.371,0.461,0.301,4.68,1.57
8,2017,6,0.417,0.354,0.443,0.285,6.87,1.71
8,2017,7,0.571,0.34,0.38,0.26,3.39,1.33
8,2017,8,0.704,0.358,0.461,0.294,4.39,1.41
8,2017,9,0.684,0.356,0.442,0.3,3.86,1.17
8,2017,10,1,0.267,0.321,0.214,2,1
8,2018,3,0,0.275,0.29,0.196,5.9,1.62
8,2018,4,0.545,0.369,0.467,0.302,5.41,1.59
8,2018,5,0.458,0.341,0.438,0.282,4.61,1.52
8,2018,6,0.522,0.368,0.52,0.295,5.48,1.52
8,2018,7,0.381,0.354,0.475,0.295,5.47,1.56
8,2018,8,0.727,0.366,0.504,0.31,5.47,1.53
8,2018,9,0.455,0.37,0.486,0.294,6.39,1.54
8,2018,10,0.583,0.344,0.463,0.278,4.62,1.29
8,2019,3,0.375,0.317,0.37,0.252,6.31,1.68
8,2019,4,0.409,0.341,0.375,0.268,5.35,1.67
8,2019,5,0.333,0.347,0.383,0.274,6.31,1.75
8,2019,6,0.455,0.324,0.337,0.244,3.28,1.38
8,2019,7,0.222,0.294,0.342,0.228,5.44,1.56
8,2019,8,0.375,0.3,0.382,0.251,4.62,1.44
8,2019,9,0.211,0.272,0.307,0.219,3.71,1.35
8,2019,10,0,0.27,0.25,0.25,1,1.22
8,2020,5,0.478,0.329,0.367,0.255,4.8,1.45
8,2020,6,0.522,0.35,0.415,0.286,4.46,1.27
8,2020,7,0.455,0.357,0.416,0.282,5.18,1.54
8,2020,8,0.636,0.357,0.419,0.28,3.86,1.31
8,2020,9,0.444,0.368,0.384,0.28,5.02,1.48
8,2020,10,0.462,0.357,0.447,0.271,4.51,1.4
8,2021,4,0.435,0.371,0.397,0.275,5.15,1.55
8,2021,5,0.238,0.341,0.383,0.262,6.24,1.67
8,2021,6,0.577,0.378,0.451,0.301,5.27,1.5
8,2021,7,0.429,0.332,0.331,0.262,6.97,1.69
8,2021,8,0.571,0.331,0.339,0.241,4.03,1.42
8,2021,9,0.538,0.362,0.403,0.286,5.73,1.7
8,2021,10,0.526,0.346,0.413,0.291,4.96,1.47
8,2022,4,0.609,0.323,0.375,0.265,3,1.27
8,2022,5,0.346,0.301,0.361,0.242,4.83,1.47
9,2015,3,1,0.38,0.55,0.283,3.5,1.61
9,2015,4,0.435,0.332,0.358,0.25,4.77,1.54
9,2015,5,0.48,0.347,0.405,0.267,4.46,1.48
9,2015,6,0.55,0.301,0.381,0.237,4.32,1.38
9,2015,7,0.455,0.378,0.487,0.313,5.09,1.67
9,2015,8,0.458,0.313,0.363,0.236,4.92,1.47
9,2015,9,0.435,0.322,0.411,0.249,5.24,1.53
9,2015,10,0.2,0.296,0.307,0.217,5.2,1.87
9,2016,4,0.409,0.347,0.428,0.273,4.27,1.55
9,2016,5,0.5,0.378,0.48,0.3,5.24,1.62
9,2016,6,0.48,0.349,0.438,0.274,5.37,1.61
9,2016,7,0.565,0.383,0.48,0.312,4.64,1.54
9,2016,8,0.5,0.361,0.467,0.292,5.96,1.71
9,2016,9,0.45,0.316,0.42,0.258,4.68,1.49
9,2016,10,0.6,0.372,0.405,0.282,3.35,1.29
9,2017,3,1,0.357,0.559,0.206,2,0.89
9,2017,4,0.68,0.344,0.395,0.281,4.74,1.52
9,2017,5,0.654,0.367,0.449,0.288,4.12,1.44
9,2017,6,0.583,0.407,0.529,0.341,5.28,1.6
9,2017,7,0.7,0.383,0.53,0.316,4.76,1.46
9,2017,8,0.476,0.336,0.457,0.296,5.49,1.61
9,2017,9,0.522,0.357,0.456,0.3,4.48,1.43
9,2017,10,0.667,0.342,0.456,0.262,7.62,1.96
9,2018,3,0.571,0.39,0.541,0.314,3.05,1.21
9,2018,4,0.429,0.349,0.442,0.289,5.55,1.51
9,2018,5,0.538,0.378,0.487,0.313,4.73,1.48
9,2018,6,0.455,0.344,0.423,0.271,5.84,1.6
9,2018,7,0.364,0.347,0.412,0.278,5.33,1.52
9,2018,8,0.5,0.424,0.584,0.352,7.09,1.67
9,2018,9,0.652,0.389,0.435,0.294,5.43,1.58
9,2018,10,0.364,0.333,0.405,0.268,5.9,1.64
9,2019,3,0.375,0.33,0.343,0.234,5.53,1.69
9,2019,4,0.333,0.337,0.389,0.267,6.55,1.75
9,2019,5,0.519,0.336,0.384,0.269,3.77,1.37
9,2019,6,0.36,0.351,0.368,0.27,4.78,1.51
9,2019,7,0.5,0.354,0.376,0.264,4.26,1.36
9,2019,8,0.48,0.334,0.37,0.267,4.32,1.39
9,2019,9,0.45,0.307,0.333,0.253,4,1.41
9,2020,5,0.5,0.352,0.411,0.276,4.42,1.35
9,2020,6,0.571,0.336,0.417,0.266,3.85,1.26
9,2020,7,0.609,0.367,0.423,0.288,4.23,1.44
9,2020,8,0.417,0.339,0.376,0.258,6.44,1.81
9,2020,9,0.625,0.367,0.422,0.287,5.02,1.49
9,2020,10,0.37,0.345,0.382,0.271,6.45,1.81
9,2021,4,0.522,0.338,0.313,0.243,4.53,1.49
9,2021,5,0.318,0.367,0.364,0.275,6.19,1.73
9,2021,6,0.261,0.31,0.296,0.22,6.22,1.69
9,2021,7,1,0.362,0.453,0.294,2.09,1.18
9,2021,8,0.5,0.339,0.343,0.228,5.41,1.39
9,2021,9,0.308,0.321,0.33,0.236,4.58,1.46
9,2021,10,0.583,0.345,0.341,0.264,3.96,1.36
9,2022,4,0.417,0.34,0.369,0.261,3.49,1.25
9,2022,5,0.692,0.371,0.447,0.284,4.11,1.38
10,2015,3,0.5,0.385,0.351,0.257,3.54,1.23
10,2015,4,0.545,0.343,0.389,0.259,5.06,1.54
10,2015,5,0.481,0.352,0.398,0.257,5.47,1.69
10,2015,6,0.545,0.361,0.434,0.277,3.67,1.36
10,2015,7,0.5,0.333,0.408,0.271,5.53,1.56
10,2015,8,0.36,0.369,0.407,0.277,4.96,1.53
10,2015,9,0.435,0.367,0.445,0.286,6.31,1.73
10,2015,10,0.333,0.336,0.301,0.252,3.24,1.2
10,2016,4,0.261,0.337,0.366,0.263,5.7,1.69
10,2016,5,0.417,0.369,0.444,0.289,7.42,1.93
10,2016,6,0.522,0.348,0.442,0.285,4.76,1.52
10,2016,7,0.65,0.39,0.485,0.308,4.93,1.49
10,2016,8,0.458,0.36,0.428,0.3,6.3,1.63
10,2016,9,0.478,0.357,0.402,0.282,5.72,1.75
10,2016,10,0.75,0.409,0.523,0.336,3.89,1.49
10,2017,3,0,0.219,0.138,0.138,1.13,0.75
10,2017,4,0.4,0.333,0.385,0.276,4.53,1.39
10,2017,5,0.48,0.365,0.415,0.292,4.6,1.53
10,2017,6,0.458,0.37,0.501,0.307,5.96,1.57
10,2017,7,0.25,0.341,0.475,0.289,7.56,1.76
10,2017,8,0.565,0.363,0.443,0.297,4.14,1.36
10,2017,9,0.435,0.335,0.407,0.267,5.52,1.51
10,2017,10,0,0.319,0.437,0.276,5.57,1.67
10,2018,3,0.286,0.337,0.398,0.275,5.1,1.38
10,2018,4,0.545,0.346,0.412,0.279,4.96,1.51
10,2018,5,0.68,0.333,0.408,0.271,3.86,1.32
10,2018,6,0.654,0.339,0.432,0.268,4.6,1.46
10,2018,7,0.409,0.344,0.407,0.288,5.06,1.43
10,2018,8,0.417,0.353,0.421,0.268,6.2,1.58
10,2018,9,0.5,0.339,0.449,0.277,5.32,1.52
10,2018,10,0.5,0.336,0.455,0.272,6.58,1.73
10,2019,3,0.5,0.395,0.464,0.297,4.96,1.52
10,2019,4,0.429,0.324,0.365,0.252,5.31,1.61
10,2019,5,0.407,0.309,0.354,0.241,4.26,1.48
10,2019,6,0.333,0.33,0.348,0.248,4.72,1.5
10,2019,7,0.211,0.306,0.369,0.253,6.49,1.62
10,2019,8,0.417,0.314,0.353,0.261,5.21,1.64
10,2019,9,0.571,0.333,0.351,0.269,3.2,1.31
10,2020,5,0.292,0.308,0.348,0.242,5.26,1.58
10,2020,6,0.208,0.311,0.326,0.239,6.48,1.78
10,2020,7,0.292,0.313,0.308,0.229,4.64,1.51
10,2020,8,0.333,0.326,0.33,0.235,5.47,1.6
10,2020,9,0.44,0.332,0.367,0.262,4.26,1.42
10,2020,10,0.391,0.329,0.347,0.256,5.83,1.66
10,2021,4,0.391,0.33,0.339,0.239,4.55,1.5
10,2021,5,0.391,0.333,0.327,0.236,5.01,1.58
10,2021,6,0.32,0.332,0.37,0.235,4.96,1.59
10,2021,7,0.375,0.312,0.293,0.219,4.52,1.48
10,2021,8,0.5,0.331,0.331,0.231,4.33,1.46
10,2021,9,0.381,0.361,0.373,0.263,4.92,1.38
10,2021,10,0.278,0.318,0.31,0.219,4.18,1.47
10,2022,4,0.36,0.309,0.309,0.225,4,1.4
10,2022,5,0.385,0.318,0.387,0.251,6.51,1.67
